9,34
9,34,37
101,142
7,39
0,17
128,132
10,48
0,17,40
19,21
0,17,40,4
29,30
57,93
80,81
116,137
8,38
19,21,46
0,17,40,4,7,39
3,47
27,28
82,92
95,96
127,138
2,3,47
1,45
1,45,12
0,17,40,4,7,39,27,28
63,91
65,75
95,96,99
69,80,81
123,126
1,45,12,9,34,37
112,139
94,95,96,99
88,94,95,96,99
66,84
63,91,78
23,26
8,38,42
53,89
74,97
2,3,47,8,38,42
11,29,30
35,49
0,17,40,4,7,39,27,28,10,48
0,17,40,4,7,39,27,28,10,48,35,49
1,45,12,9,34,37,25
23,26,43
63,91,78,73
1,45,12,9,34,37,25,11,29,30
110,147
120,143
136,148
58,65,75
53,89,69,80,81
54,58,65,75
67,82,92
123,126,146
0,17,40,4,7,39,27,28,10,48,35,49,19,21,46
103,116,137
140,144
141,145
123,126,146,127,138
67,82,92,88,94,95,96,99
68,87
54,58,65,75,74,97
101,142,113
1,45,12,9,34,37,25,11,29,30,2,3,47,8,38,42
1,45,12,9,34,37,25,11,29,30,2,3,47,8,38,42,6
0,17,40,4,7,39,27,28,10,48,35,49,19,21,46,23,26,43
50,52
67,82,92,88,94,95,96,99,90
53,89,69,80,81,67,82,92,88,94,95,96,99,90
51,56
107,130
120,143,140,144
105,122
123,126,146,127,138,149
20,31
0,17,40,4,7,39,27,28,10,48,35,49,19,21,46,23,26,43,1,45,12,9,34,37,25,11,29,30,2,3,47,8,38,42,6
50,52,86
0,17,40,4,7,39,27,28,10,48,35,49,19,21,46,23,26,43,1,45,12,9,34,37,25,11,29,30,2,3,47,8,38,42,6,24
120,143,140,144,124
0,17,40,4,7,39,27,28,10,48,35,49,19,21,46,23,26,43,1,45,12,9,34,37,25,11,29,30,2,3,47,8,38,42,6,24,36
0,17,40,4,7,39,27,28,10,48,35,49,19,21,46,23,26,43,1,45,12,9,34,37,25,11,29,30,2,3,47,8,38,42,6,24,36,20,31
53,89,69,80,81,67,82,92,88,94,95,96,99,90,61
115,136,148
104,128,132
55,66,84
51,56,54,58,65,75,74,97
101,142,113,121
53,89,69,80,81,67,82,92,88,94,95,96,99,90,61,55,66,84
50,52,86,51,56,54,58,65,75,74,97
50,52,86,51,56,54,58,65,75,74,97,77
50,52,86,51,56,54,58,65,75,74,97,77,76
53,89,69,80,81,67,82,92,88,94,95,96,99,90,61,55,66,84,63,91,78,73
83,133
5,18
101,142,113,121,123,126,146,127,138,149
50,52,86,51,56,54,58,65,75,74,97,77,76,71
103,116,137,104,128,132
110,147,111
112,139,120,143,140,144,124
0,17,40,4,7,39,27,28,10,48,35,49,19,21,46,23,26,43,1,45,12,9,34,37,25,11,29,30,2,3,47,8,38,42,6,24,36,20,31,16
50,52,86,51,56,54,58,65,75,74,97,77,76,71,53,89,69,80,81,67,82,92,88,94,95,96,99,90,61,55,66,84,63,91,78,73
0,17,40,4,7,39,27,28,10,48,35,49,19,21,46,23,26,43,1,45,12,9,34,37,25,11,29,30,2,3,47,8,38,42,6,24,36,20,31,16,32
0,17,40,4,7,39,27,28,10,48,35,49,19,21,46,23,26,43,1,45,12,9,34,37,25,11,29,30,2,3,47,8,38,42,6,24,36,20,31,16,32,33
125,129
50,52,86,51,56,54,58,65,75,74,97,77,76,71,53,89,69,80,81,67,82,92,88,94,95,96,99,90,61,55,66,84,63,91,78,73,79
0,17,40,4,7,39,27,28,10,48,35,49,19,21,46,23,26,43,1,45,12,9,34,37,25,11,29,30,2,3,47,8,38,42,6,24,36,20,31,16,32,33,44
103,116,137,104,128,132,110,147,111
57,93,60
103,116,137,104,128,132,110,147,111,141,145
103,116,137,104,128,132,110,147,111,141,145,112,139,120,143,140,144,124
0,17,40,4,7,39,27,28,10,48,35,49,19,21,46,23,26,43,1,45,12,9,34,37,25,11,29,30,2,3,47,8,38,42,6,24,36,20,31,16,32,33,44,15
103,116,137,104,128,132,110,147,111,141,145,112,139,120,143,140,144,124,115,136,148
50,52,86,51,56,54,58,65,75,74,97,77,76,71,53,89,69,80,81,67,82,92,88,94,95,96,99,90,61,55,66,84,63,91,78,73,79,85
101,142,113,121,123,126,146,127,138,149,103,116,137,104,128,132,110,147,111,141,145,112,139,120,143,140,144,124,115,136,148
57,93,60,98
0,17,40,4,7,39,27,28,10,48,35,49,19,21,46,23,26,43,1,45,12,9,34,37,25,11,29,30,2,3,47,8,38,42,6,24,36,20,31,16,32,33,44,15,5,18
50,52,86,51,56,54,58,65,75,74,97,77,76,71,53,89,69,80,81,67,82,92,88,94,95,96,99,90,61,55,66,84,63,91,78,73,79,85,59
102,125,129
101,142,113,121,123,126,146,127,138,149,103,116,137,104,128,132,110,147,111,141,145,112,139,120,143,140,144,124,115,136,148,102,125,129
105,122,118
0,17,40,4,7,39,27,28,10,48,35,49,19,21,46,23,26,43,1,45,12,9,34,37,25,11,29,30,2,3,47,8,38,42,6,24,36,20,31,16,32,33,44,15,5,18,14
117,131
50,52,86,51,56,54,58,65,75,74,97,77,76,71,53,89,69,80,81,67,82,92,88,94,95,96,99,90,61,55,66,84,63,91,78,73,79,85,59,70
72,83,133
50,52,86,51,56,54,58,65,75,74,97,77,76,71,53,89,69,80,81,67,82,92,88,94,95,96,99,90,61,55,66,84,63,91,78,73,79,85,59,70,64
100,101,142,113,121,123,126,146,127,138,149,103,116,137,104,128,132,110,147,111,141,145,112,139,120,143,140,144,124,115,136,148,102,125,129
100,101,142,113,121,123,126,146,127,138,149,103,116,137,104,128,132,110,147,111,141,145,112,139,120,143,140,144,124,115,136,148,102,125,129,107,130
50,52,86,51,56,54,58,65,75,74,97,77,76,71,53,89,69,80,81,67,82,92,88,94,95,96,99,90,61,55,66,84,63,91,78,73,79,85,59,70,64,72,83,133
100,101,142,113,121,123,126,146,127,138,149,103,116,137,104,128,132,110,147,111,141,145,112,139,120,143,140,144,124,115,136,148,102,125,129,107,130,114
50,52,86,51,56,54,58,65,75,74,97,77,76,71,53,89,69,80,81,67,82,92,88,94,95,96,99,90,61,55,66,84,63,91,78,73,79,85,59,70,64,72,83,133,62
0,17,40,4,7,39,27,28,10,48,35,49,19,21,46,23,26,43,1,45,12,9,34,37,25,11,29,30,2,3,47,8,38,42,6,24,36,20,31,16,32,33,44,15,5,18,14,22
50,52,86,51,56,54,58,65,75,74,97,77,76,71,53,89,69,80,81,67,82,92,88,94,95,96,99,90,61,55,66,84,63,91,78,73,79,85,59,70,64,72,83,133,62,68,87
100,101,142,113,121,123,126,146,127,138,149,103,116,137,104,128,132,110,147,111,141,145,112,139,120,143,140,144,124,115,136,148,102,125,129,107,130,114,105,122,118
100,101,142,113,121,123,126,146,127,138,149,103,116,137,104,128,132,110,147,111,141,145,112,139,120,143,140,144,124,115,136,148,102,125,129,107,130,114,105,122,118,135
100,101,142,113,121,123,126,146,127,138,149,103,116,137,104,128,132,110,147,111,141,145,112,139,120,143,140,144,124,115,136,148,102,125,129,107,130,114,105,122,118,135,134
100,101,142,113,121,123,126,146,127,138,149,103,116,137,104,128,132,110,147,111,141,145,112,139,120,143,140,144,124,115,136,148,102,125,129,107,130,114,105,122,118,135,134,108
100,101,142,113,121,123,126,146,127,138,149,103,116,137,104,128,132,110,147,111,141,145,112,139,120,143,140,144,124,115,136,148,102,125,129,107,130,114,105,122,118,135,134,108,119
0,17,40,4,7,39,27,28,10,48,35,49,19,21,46,23,26,43,1,45,12,9,34,37,25,11,29,30,2,3,47,8,38,42,6,24,36,20,31,16,32,33,44,15,5,18,14,22,13
100,101,142,113,121,123,126,146,127,138,149,103,116,137,104,128,132,110,147,111,141,145,112,139,120,143,140,144,124,115,136,148,102,125,129,107,130,114,105,122,118,135,134,108,119,109
50,52,86,51,56,54,58,65,75,74,97,77,76,71,53,89,69,80,81,67,82,92,88,94,95,96,99,90,61,55,66,84,63,91,78,73,79,85,59,70,64,72,83,133,62,68,87,57,93,60,98
0,17,40,4,7,39,27,28,10,48,35,49,19,21,46,23,26,43,1,45,12,9,34,37,25,11,29,30,2,3,47,8,38,42,6,24,36,20,31,16,32,33,44,15,5,18,14,22,13,41
100,101,142,113,121,123,126,146,127,138,149,103,116,137,104,128,132,110,147,111,141,145,112,139,120,143,140,144,124,115,136,148,102,125,129,107,130,114,105,122,118,135,134,108,119,109,117,131
100,101,142,113,121,123,126,146,127,138,149,103,116,137,104,128,132,110,147,111,141,145,112,139,120,143,140,144,124,115,136,148,102,125,129,107,130,114,105,122,118,135,134,108,119,109,117,131,106
0,17,40,4,7,39,27,28,10,48,35,49,19,21,46,23,26,43,1,45,12,9,34,37,25,11,29,30,2,3,47,8,38,42,6,24,36,20,31,16,32,33,44,15,5,18,14,22,13,41,50,52,86,51,56,54,58,65,75,74,97,77,76,71,53,89,69,80,81,67,82,92,88,94,95,96,99,90,61,55,66,84,63,91,78,73,79,85,59,70,64,72,83,133,62,68,87,57,93,60,98
0,17,40,4,7,39,27,28,10,48,35,49,19,21,46,23,26,43,1,45,12,9,34,37,25,11,29,30,2,3,47,8,38,42,6,24,36,20,31,16,32,33,44,15,5,18,14,22,13,41,50,52,86,51,56,54,58,65,75,74,97,77,76,71,53,89,69,80,81,67,82,92,88,94,95,96,99,90,61,55,66,84,63,91,78,73,79,85,59,70,64,72,83,133,62,68,87,57,93,60,98,100,101,142,113,121,123,126,146,127,138,149,103,116,137,104,128,132,110,147,111,141,145,112,139,120,143,140,144,124,115,136,148,102,125,129,107,130,114,105,122,118,135,134,108,119,109,117,131,106
